Variance,Skewness,Curtosis,Entropy,Class
3.866,-2.6383,1.9242,0.10645,0
0.32924,-4.4552,4.5718,-0.9888,0
3.5912,3.0129,0.72888,0.56421,0
3.2032,5.7588,-0.75345,-0.61251,0
1.2247,8.7779,-2.2135,-0.80647,0
1.8993,7.6625,0.15394,-3.1108,0
3.404,8.7261,-2.9915,-0.57242,0
4.6765,-3.3895,3.4896,1.4771,0
5.2423,11.0272,-4.353,-4.1013,0
5.7867,7.8902,-2.6196,-0.48708,0
3.9362,10.1622,-3.8235,-4.0172,0
4.4338,9.887,-4.6795,-3.7483,0
1.1432,-3.7413,5.5777,-0.63578,0
6.5633,9.8187,-4.4113,-3.2258,0
-0.24811,-0.17797,4.9068,0.15429,0
4.2969,7.617,-2.3874,-0.96164,0
3.6289,0.81322,1.6277,0.77627,0
4.5679,3.1929,-2.1055,0.29653,0
3.4805,9.7008,-3.7541,-3.4379,0
-0.0068919,9.2931,-0.41243,-1.9638,0
2.0843,6.6258,0.48382,-2.2134,0
-0.7869,9.5663,-3.7867,-7.5034,0
5.262,3.9834,-1.5572,1.0103,0
2.549,6.1499,-1.1605,-1.2371,0
4.9264,5.496,-2.4774,-0.50648,0
2.5635,6.7769,-0.61979,0.38576,0
0.49665,5.527,1.7785,-0.47156,0
5.4021,3.1039,-1.1536,1.5651,0
2.4235,9.5332,-3.0789,-2.7746,0
1.0009,7.7846,-0.28219,-2.6608,0
4.1373,0.49248,1.093,1.8276,0
4.7181,10.0153,-3.9486,-3.8582,0
4.1654,-3.4495,3.643,1.0879,0
4.4069,10.9072,-4.5775,-4.4271,0
2.3066,3.5364,0.57551,0.41938,0
0.049175,6.1437,1.7828,-0.72113,0
1.1317,3.9647,3.3979,0.84351,0
2.8033,9.0862,-3.3668,-1.0224,0
1.4806,7.6377,-2.7876,-1.0341,0
3.2718,1.7837,2.1161,0.61334,0
2.9543,1.076,0.64577,0.89394,0
3.82,10.9279,-4.0112,-5.0284,0
3.3397,-4.6145,3.9823,-0.23751,0
4.2027,0.22761,0.96108,0.97282,0
2.3136,10.6651,-3.5288,-4.7672,0
-1.8584,7.886,-1.6643,-1.8384,0
2.9163,10.8306,-3.3437,-4.122,0
1.7819,6.9176,-1.2744,-1.5759,0
3.8969,7.4163,-1.8245,0.14007,0
2.8969,0.70768,2.29,1.8663,0
2.994,7.2011,-1.2153,0.3211,0
1.7317,-0.34765,4.1905,-0.99138,0
3.9232,-3.2467,3.4579,0.83705,0
4.5447,8.2274,-2.4166,-1.5875,0
5.0691,0.21313,0.20278,1.2095,0
3.4591,11.112,-4.2039,-5.0931,0
1.9358,8.1654,-0.023425,-2.2586,0
2.4226,-4.5752,5.947,0.21507,0
1.3566,4.2358,2.1341,0.3211,0
5.0452,3.8964,-1.4304,0.86291,0
3.5499,8.6165,-3.2794,-1.2009,0
0.17346,7.8695,0.26876,-3.7883,0
2.4008,9.3593,-3.3565,-3.3526,0
4.8851,1.5995,-0.00029081,1.6401,0
1.1166,8.6496,-0.96252,-1.8112,0
1.0235,6.901,-2.0062,-2.7125,0
0.5706,-0.0248,1.2421,-0.5621,0
3.583,-3.7971,3.4391,-0.12501,0
0.19081,9.1297,-3.725,-5.8224,0
3.6582,5.6864,-1.7157,-0.23751,0
2.9421,7.4101,-0.97709,-0.88406,0
1.8314,6.3672,-0.036278,0.049554,0
0.9297,-3.7971,4.6429,-0.2957,0
1.4578,-0.08485,4.1785,0.59136,0
-1.8584,7.886,-1.6643,-1.8384,0
5.8862,5.8747,-2.8167,-0.30087,0
4.0026,-3.5943,3.5573,0.26809,0
4.8077,2.2327,-0.26334,1.5534,0
5.3063,5.2684,-2.8904,-0.52716,0
2.614,8.0081,-3.7258,-1.3069,0
0.68087,2.3259,4.9085,0.54998,0
1.3234,3.2964,0.2362,-0.11984,0
-0.16735,7.6274,1.2061,-3.6241,0
2.4196,6.4665,-0.75688,0.228,0
3.1219,-3.137,1.9259,-0.37458,0
5.4944,1.5478,0.041694,1.9284,0
2.2596,-0.033118,4.7355,-0.2776,0
2.0466,2.03,2.1761,-0.083634,0
3.8905,-2.1521,2.6302,1.1047,0
3.9994,0.90427,1.1693,1.6892,0
3.2704,6.9321,-1.0456,0.23447,0
1.6406,3.5488,1.3964,-0.36424,0
2.4287,9.3821,-3.2477,-1.4543,0
4.2134,-2.806,2.0116,0.67412,0
1.6472,0.48213,4.7449,1.225,0
2.0597,-0.99326,5.2119,-0.29312,0
1.0135,8.4551,-1.672,-2.0815,0
4.5691,-4.4552,3.1769,0.0042961,0
4.0102,10.6568,-4.1388,-5.0646,0
4.1425,-3.6792,3.8281,1.6297,0
3.0934,-2.9177,2.2232,0.22283,0
3.744,0.79459,0.95851,1.0077,0
3.0329,2.2948,2.1135,0.35084,0
3.7731,7.2073,-1.6814,-0.94742,0
3.1557,2.8908,0.59693,0.79825,0
4.988,7.2052,-3.2846,-1.1608,0
-0.016103,9.7484,0.15394,-1.6134,0
3.8496,9.7939,-4.1508,-4.4582,0
0.9297,-3.7971,4.6429,-0.2957,0
4.9342,2.4107,-0.17594,1.6245,0
3.8417,10.0215,-4.2699,-4.9159,0
5.3915,9.9946,-3.8081,-3.3642,0
4.4072,-0.070365,2.0416,1.1319,0
2.6946,6.7976,-0.40301,0.44912,0
5.2756,0.13863,0.12138,1.1435,0
3.4312,6.2637,-1.9513,-0.36165,0
3.2422,6.2265,0.12224,-1.4466,0
2.5678,3.5136,0.61406,-0.40691,0
1.934,-9.2828e-06,4.816,-0.33967,0
2.5068,1.1588,3.9249,0.12585,0
0.051979,7.0521,-2.0541,-3.1508,0
2.2928,9.0386,-3.2417,-1.2991,0
1.6849,8.7489,-1.2641,-1.3858,0
2.3729,10.4726,-3.0087,-3.2013,0
0.27451,9.2186,-3.2863,-4.8448,0
4.616,10.1788,-4.2185,-4.4245,0
4.0215,-2.7004,2.4957,0.36636,0
5.0297,-4.9704,3.5025,-0.23751,0
3.7352,9.5911,-3.9032,-3.3487,0
3.5257,1.2829,1.9276,1.7991,0
4.4549,2.4976,1.0313,0.96894,0
3.5152,6.8224,-0.67377,-0.46898,0
1.0607,2.4542,2.5188,-0.17027,0
2.0421,1.2436,4.2171,0.90429,0
3.9294,1.4112,1.8076,0.89782,0
0.96414,5.616,2.2138,-0.12501,0
1.8205,6.7562,0.0099913,0.39481,0
4.0329,0.23175,0.89082,1.1823,0
-1.8584,7.886,-1.6643,-1.8384,0
3.1088,3.1122,0.80857,0.4336,0
0.5195,-3.2633,3.0895,-0.9849,0
0.3292,-4.4552,4.5718,-0.9888,0
3.2051,8.6889,-2.9033,-0.7819,0
3.3848,3.2674,0.90967,0.25128,0
2.805,0.57732,1.3424,1.2133,0
3.8999,1.734,1.6011,0.96765,0
3.2294,7.7391,-0.37816,-2.5405,0
3.4985,3.1639,0.22677,-0.1651,0
2.1948,1.3781,1.1582,0.85774,0
0.74307,11.17,-1.3824,-4.0728,0
0.58836,10.7727,-1.3884,-4.3276,0
3.2303,7.8384,-3.5348,-1.2151,0
5.4188,10.1457,-4.084,-3.6991,0
0.86202,2.6963,4.2908,0.54739,0
3.8117,10.1457,-4.0463,-4.5629,0
0.54777,10.3754,-1.5435,-4.1633,0
3.7982,10.423,-4.1602,-4.9728,0
-0.36279,8.2895,-1.9213,-3.3332,0
0.86736,5.5643,1.6765,-0.16769,0
2.6799,3.1349,0.34073,0.58489,0
-0.39816,5.9781,1.3912,-1.1621,0
4.3937,0.35798,2.0416,1.2004,0
2.9695,5.6222,0.27561,-1.1556,0
3.0864,-2.5845,2.2309,0.30947,0
1.941,0.46351,4.6472,1.0879,0
3.7767,9.7794,-3.9075,-3.5323,0
1.9818,9.2621,-3.521,-1.872,0
3.8023,-3.8696,4.044,0.95343,0
1.1518,1.3864,5.2727,-0.43536,0
4.8368,10.0132,-4.3239,-4.3276,0
-1.3,10.2678,-2.953,-5.8638,0
3.4246,-0.14693,0.80342,0.29136,0
1.5691,6.3465,-0.1828,-2.4099,0
5.1776,8.2316,-3.2511,-1.5694,0
2.229,9.6325,-3.1123,-2.7164,0
5.6272,10.0857,-4.2931,-3.8142,0
1.2138,8.7986,-2.1672,-0.74182,0
4.0524,5.6802,-1.9693,0.026279,0
3.359,9.8022,-3.8209,-3.7133,0
3.1887,-3.4143,2.7742,-0.2026,0
0.77124,9.0862,-1.2281,-1.4996,0
3.5761,9.7753,-3.9795,-3.4638,0
2.6682,10.216,-3.4414,-4.0069,0
4.3848,-3.0729,3.0423,1.2741,0
5.7403,-0.44284,0.38015,1.3763,0
1.1472,3.5985,1.9387,-0.43406,0
2.9742,8.96,-2.9024,-1.0379,0
4.5707,7.2094,-3.2794,-1.4944,0
0.1848,6.5079,2.0133,-0.87242,0
0.87256,9.2931,-0.7843,-2.1978,0
2.0962,2.4769,1.9379,-0.040962,0
0.0071249,8.3661,0.50781,-3.8155,0
3.6575,7.2797,-2.2692,-1.144,0
3.4776,8.811,-3.1886,-0.92285,0
3.0632,-3.3315,5.1305,0.8267,0
2.5698,-4.4076,5.9856,0.078002,0
3.3756,-4.0951,4.367,1.0698,0
0.5706,-0.0248,1.2421,-0.5621,0
0.88444,6.5906,0.55837,-0.44182,0
1.2999,2.5762,2.0107,-0.18967,0
2.565,8.633,-2.9941,-1.3082,0
2.093,8.3061,0.022844,-3.2724,0
4.6014,5.6264,-2.1235,0.19309,0
2.6648,10.754,-3.3994,-4.1685,0
5.8782,5.9409,-2.8544,-0.60863,0
1.762,4.3682,2.1384,0.75429,0
1.2746,8.8172,-1.5323,-1.7957,0
2.5328,7.528,-0.41929,-2.6478,0
3.3583,10.3567,-3.7301,-3.6991,0
2.5227,2.2369,2.7236,0.79438,0
0.045304,6.7334,1.0708,-0.9332,0
4.2475,1.4816,-0.48355,0.95343,0
3.9772,0.33521,2.2566,2.1625,0
3.6667,4.302,0.55923,0.33791,0
4.2458,1.1981,0.66633,0.94696,0
1.4507,8.7903,-2.2324,-0.65259,0
3.5288,0.71596,1.9507,1.9375,0
3.9719,1.0367,0.75973,1.0013,0
3.534,9.3614,-3.6316,-1.2461,0
3.6894,9.887,-4.0788,-4.3664,0
2.2893,3.733,0.6312,-0.39786,0
4.0405,0.51524,1.0279,1.106,0
4.3846,-4.8794,3.3662,-0.029324,0
4.1195,10.9258,-3.8929,-4.1802,0
1.5701,7.9129,0.29018,-2.1953,0
2.2517,-5.1422,4.2916,-1.2487,0
1.1676,9.1566,-2.0867,-0.80647,0
0.32444,10.067,-1.1982,-4.1284,0
2.1752,-0.8091,5.1022,-0.67975,0
1.1588,8.9331,-2.0807,-1.1272,0
4.3398,-5.3036,3.8803,-0.70432,0
1.5456,8.5482,0.4187,-2.1784,0
1.4276,8.3847,-2.0995,-1.9677,0
5.2032,3.5116,-1.2538,1.0129,0
3.1836,7.2321,-1.0713,-2.5909,0
5.6084,10.3009,-4.8003,-4.3534,0
1.1558,6.4003,1.5506,0.6961,0
2.7831,10.9796,-3.557,-4.4039,0
3.7635,2.7811,0.66119,0.34179,0
5.7456,10.1808,-4.7857,-4.3366,0
5.086,3.2798,-1.2701,1.1189,0
4.9249,0.68906,0.77344,1.2095,0
3.946,6.8514,-1.5443,-0.5582,0
-0.278,8.1881,-3.1338,-2.5276,0
0.56953,7.6294,1.5754,-3.2233,0
3.4626,-4.449,3.5427,0.15429,0
3.3951,1.1484,2.1401,2.0862,0
3.7758,7.1783,-1.5195,0.40128,0
1.8384,6.063,0.54723,0.51248,0
3.757,-5.4236,3.8255,-1.2526,0
2.5989,3.5178,0.7623,0.81119,0
3.6941,-3.9482,4.2625,1.1577,0
4.4295,-2.3507,1.7048,0.90946,0
3.3004,7.0811,-1.3258,0.22283,0
2.7213,7.05,-0.58808,0.41809,0
3.8846,-3.0336,2.5334,0.20214,0
0.38251,6.8121,1.8128,-0.61251,0
1.162,10.2926,-1.2821,-4.0392,0
3.7791,2.5762,1.3098,0.5655,0
2.9571,-4.5938,5.9068,0.57196,0
-0.278,8.1881,-3.1338,-2.5276,0
-0.11996,6.8741,0.91995,-0.6694,0
3.7798,-3.3109,2.6491,0.066365,0
5.3586,3.7557,-1.7345,1.0789,0
1.8373,6.1292,0.84027,0.55257,0
0.5706,-0.024841,1.2421,-0.56208,0
3.482,-4.1634,3.5008,-0.078462,0
-0.16682,5.8974,0.49839,-0.70044,0
0.29961,7.1328,-0.31475,-1.1828,0
0.25035,9.3262,-3.6873,-6.2543,0
0.77805,6.6424,-1.1425,-1.0573,0
2.2429,-4.1427,5.2333,-0.40173,0
3.7321,-3.884,3.3577,-0.0060486,0
4.3365,-3.584,3.6884,0.74912,0
0.76163,5.8209,1.1959,-0.64613,0
-0.53966,7.3273,0.46583,-1.4543,0
3.0242,-3.3378,2.5865,-0.54785,0
5.8519,5.3905,-2.4037,-0.061652,0
0.5706,-0.0248,1.2421,-0.5621,0
0.74054,0.36625,2.1992,0.48403,0
1.645,7.8612,-0.87598,-3.5569,0
3.6077,6.8576,-1.1622,0.28231,0
3.2403,-3.7082,5.2804,0.41291,0
1.3114,4.5462,2.2935,0.22541,0
3.7022,6.9942,-1.8511,-0.12889,0
3.5829,1.4423,1.0219,1.4008,0
3.2692,3.4184,0.20706,-0.066824,0
2.4012,1.6223,3.0312,0.71679,0
4.0962,10.1891,-3.9323,-4.1827,0
-0.45062,-1.3678,7.0858,-0.40303,0
4.8451,8.1116,-2.9512,-1.4724,0
0.74841,7.2756,1.1504,-0.5388,0
3.6181,-3.7454,2.8273,-0.71208,0
2.7961,2.121,1.8385,0.38317,0
3.5358,6.7086,-0.81857,0.47886,0
4.1542,7.2756,-2.4766,-1.2099,0
0.92703,9.4318,-0.66263,-1.6728,0
3.5862,-3.0957,2.8093,0.24481,0
0.66191,9.6594,-0.28819,-1.6638,0
4.7926,1.7071,-0.051701,1.4926,0
4.9852,8.3516,-2.5425,-1.2823,0
4.0422,-4.391,4.7466,1.137,0
2.2546,8.0992,-0.24877,-3.2698,0
0.066129,2.4914,-2.9401,-0.62156,0
-2.899,-0.60424,2.6045,1.3776,0
-2.565,-5.7899,6.0122,0.046968,0
1.3403,4.1323,-4.7018,-2.5987,0
-1.8391,-9.0883,9.2416,-0.10432,0
-1.4628,-1.5706,2.4357,0.49826,0
-0.56877,1.4174,-1.4252,-1.1246,0
-1.5252,-6.2534,5.3524,0.59912,0
-1.4377,-1.432,2.1144,0.42067,0
-2.3898,-0.78427,3.0141,0.76205,0
-0.62043,0.5587,-0.38587,-0.66423,0
-1.7064,3.3088,-2.2829,-2.1978,0
2.1943,4.5503,-4.976,-2.7254,0
-3.4605,2.6901,0.16165,-1.0224,0
0.0031201,-4.0061,1.7956,0.91722,0
-0.46651,2.3383,-2.9812,-1.0431,0
-1.0802,2.1996,-2.5862,-1.2759,0
-3.0201,-0.67253,2.7056,0.85774,0
-0.60975,-4.002,1.8471,0.6017,0
-1.7549,-0.080711,-0.75774,-0.3707,0
-1.4454,-8.4385,8.8483,0.96894,0
-0.40951,-0.15521,0.060545,-0.088807,0
-0.21888,-2.2038,-0.0954,0.56421,0
-0.87874,-2.2121,-0.051701,0.099985,0
-0.76794,3.4598,-3.4405,-3.4276,0
-2.5899,-0.3911,0.93452,0.42972,0
-0.83121,0.039307,0.05369,-0.23105,0
1.7425,3.6833,-4.0129,-1.7207,0
-0.74324,-0.32902,-0.42785,0.23317,0
-1.8439,-8.6475,7.6796,-0.66682,0
-3.5359,0.30417,0.6569,-0.2957,0
1.5514,3.8013,-4.9143,-3.7483,0
1.7875,4.78,-5.1362,-3.2362,0
0.50225,0.65388,-1.1793,0.39998,0
-0.69745,-1.7672,-0.34474,-0.12372,0
-2.0962,-7.1059,6.6188,-0.33708,0
-3.0731,-0.53181,2.3877,0.77627,0
-2.5754,-5.6574,6.103,0.65214,0
-1.8219,-6.8824,5.4681,0.057313,0
-0.77461,-1.8768,2.4023,1.1319,0
1.5904,2.2121,-3.1183,-0.11725,0
-1.4094,-2.1252,-0.10397,-0.19225,0
-0.4294,-0.14693,0.044265,-0.15605,0
-2.4365,3.6026,-1.4166,-2.8948,0
0.24394,1.4733,-1.4192,-0.58535,0
-1.5078,-7.3191,7.8981,1.2289,0
2.2279,4.0951,-4.8037,-2.1112,0
-1.9116,-6.1603,5.606,0.48533,0
0.11806,0.39108,-0.98223,0.42843,0
-0.71868,-5.7154,3.8298,1.0233,0
-2.4725,-0.40145,1.4855,1.1189,0
0.47368,3.3605,-4.5064,-4.0431,0
-1.3995,-1.9162,2.5154,0.59912,0
-0.89542,2.0279,-2.3652,-1.2746,0
2.031,1.852,-3.0121,0.003003,0
0.0040545,0.62905,-0.64121,0.75817,0
1.6408,4.2503,-4.9023,-2.6621,0
-2.1786,-6.4479,6.0344,-0.20777,0
-0.52645,-0.24832,-0.45613,0.41938,0
-2.2918,-7.257,7.9597,0.9211,0
-0.24745,1.9368,-2.4697,-0.80518,0
1.164,3.913,-4.5544,-3.8672,0
-0.37013,-5.554,4.7749,1.547,0
-1.8483,0.31038,0.77344,1.4189,0
0.12126,0.22347,-0.47327,0.97024,0
-3.3203,-0.02691,2.9618,-0.44958,0
-0.014902,-1.0243,-0.94024,0.64955,0
-1.9423,0.3766,-1.2898,-0.82458,0
-0.3481,-0.38696,-0.47841,0.62627,0
-0.86339,1.9348,-2.3729,-1.0897,0
-3.3924,3.3564,-0.72004,-3.5233,0
-2.5526,-7.3625,6.9255,-0.66811,0
0.030219,-1.0512,1.4024,0.77369,0
-1.9555,0.20692,1.2473,-0.3707,0
-1.5681,-7.2446,6.5537,-0.1276,0
-1.8076,-8.8131,8.7086,-0.21682,0
-0.49241,0.89392,-1.6283,-0.56854,0
-3.8053,2.4273,0.6809,-1.0871,0
0.55298,-3.4619,1.7048,1.1008,0
-1.0833,-0.31247,1.2815,0.41291,0
-0.70867,-5.5602,4.0483,0.903,0
1.5077,1.9596,-3.0584,-0.12243,0
-3.5741,3.944,-0.07912,-2.1203,0
-2.1668,1.5933,0.045122,-1.678,0
-1.7063,2.7956,-2.378,-2.3491,0
-0.89809,-4.4862,2.2009,0.50731,0
-1.1188,3.3357,-1.3455,-1.9573,0
-2.3277,1.4381,-0.82114,-1.2862,0
-2.0659,1.0512,-0.46298,-1.0974,0
-0.89409,3.1991,-1.8219,-2.9452,0
-2.5346,-0.77392,3.3602,0.00171,0
-0.59587,2.4811,-2.8673,-0.89828,0
-0.29858,2.4769,-2.9512,-0.66165,0
0.90407,3.3708,-4.4987,-3.6965,0
-2.1405,-0.16762,1.321,-0.20906,0
3.9663,10.1684,-4.1131,-4.6056,1
2.6606,3.1681,1.9619,0.18662,1
4.2164,9.4607,-4.9288,-5.2366,1
2.0007,1.8644,2.6491,0.47369,1
0.65497,5.1815,1.0673,-0.42113,1
2.7659,0.66216,4.1494,-0.28406,1
4.5645,-3.6275,2.8684,0.27714,1
0.88872,5.3449,2.045,-0.19355,1
4.9294,0.27727,0.20792,0.33662,1
0.95626,2.4728,4.4578,0.21636,1
0.3292,-4.4552,4.5718,-0.9888,1
1.3754,8.8793,-1.9136,-0.53751,1
2.8232,10.8513,-3.1466,-3.9784,1
2.0139,6.1416,0.37929,0.56938,1
0.3798,0.7098,0.7572,-0.4444,1
0.96788,7.1907,1.2798,-2.4565,1
5.0429,-0.52974,0.50439,1.106,1
0.64295,7.1018,0.3493,-0.41337,1
2.1274,5.1939,-1.7971,-1.1763,1
0.5195,-3.2633,3.0895,-0.9849,1
4.223,1.1319,0.72202,0.96118,1
4.7285,2.1065,-0.28305,1.5625,1
2.1319,-2.0403,2.5574,-0.061652,1
3.8644,3.7061,0.70403,0.35214,1
0.77765,5.9781,1.1941,-0.3526,1
2.4673,1.3926,1.7125,0.41421,1
4.2586,11.2962,-4.0943,-4.3457,1
3.5458,9.3718,-4.0351,-3.9564,1
-0.2062,9.2207,-3.7044,-6.8103,1
3.3669,-5.1856,3.6935,-1.1427,1
1.6426,3.0149,0.22849,-0.147,1
3.1896,5.7526,-0.18537,-0.30087,1
3.5594,1.3078,1.291,1.6556,1
2.8672,10.0008,-3.2049,-3.1095,1
0.11739,6.2761,-1.5495,-2.4746,1
1.0182,9.109,-0.62064,-1.7129,1
3.4092,5.4049,-2.5228,-0.89958,1
1.8533,6.1458,1.0176,-2.0401,1
4.0715,7.6398,-2.0824,-1.1698,1
1.1811,8.3847,-2.0567,-0.90345,1
0.33565,6.8369,0.69718,-0.55691,1
4.9362,7.6046,-2.3429,-0.85302,1
3.8832,6.4023,-2.432,-0.98363,1
1.4884,3.6274,3.308,0.48921,1
3.6922,-3.9585,4.3439,1.3517,1
0.52855,0.96427,4.0243,-1.0483,1
4.1038,-4.8069,3.3491,-0.49225,1
4.0932,5.4132,-1.8219,0.23576,1
3.8962,-4.7904,3.3954,-0.53751,1
0.93611,8.6413,-1.6351,-1.3043,1
3.5251,0.7201,1.6928,0.64438,1
1.9265,7.7557,-0.16823,-3.0771,1
1.6349,3.286,2.8753,0.087054,1
0.5195,-3.2633,3.0895,-0.9849,1
1.3087,4.9228,2.0013,0.22024,1
2.0165,-0.25246,5.1707,1.0763,1
4.5459,8.1674,-2.4586,-1.4621,1
3.8244,-3.1081,2.4537,0.52024,1
0.57461,10.1105,-1.6917,-4.3922,1
4.1349,6.1189,-2.4294,-0.19613,1
2.8209,7.3108,-0.81857,-1.8784,1
4.3239,-4.8835,3.4356,-0.5776,1
3.9899,-2.7066,2.3946,0.86291,1
3.8027,0.81529,2.1041,1.0245,1
1.8994,0.97462,4.2265,0.81377,1
5.2012,0.32694,0.17965,1.1797,1
4.0127,10.1477,-3.9366,-4.0728,1
1.9105,8.871,-2.3386,-0.75604,1
-0.16108,-6.4624,8.3573,-1.5216,1
2.8237,2.8597,0.19678,0.57196,1
3.577,2.4004,1.8908,0.73231,1
2.1265,6.8783,0.44784,-2.2224,1
4.1962,0.74493,0.83256,0.753,1
0.80355,2.8473,4.3439,0.6017,1
4.1197,-2.7956,2.0707,0.67412,1
4.4682,2.2907,0.95766,0.83058,1
4.364,-3.1039,2.3757,0.78532,1
0.5734,9.1938,-0.9094,-1.872,1
1.5673,7.9274,-0.056842,-2.1694,1
4.3684,9.6718,-3.9606,-3.1625,1
2.0153,0.43661,4.5864,-0.3151,1
4.2772,2.4955,0.48554,0.36119,1
4.052,-0.16555,0.45383,0.51248,1
2.8084,11.3045,-3.3394,-4.4194,1
0.89606,10.5471,-1.4175,-4.0327,1
3.9529,-2.3548,2.3792,0.48274,1
5.0185,8.5978,-2.9375,-1.281,1
2.3718,7.4908,0.015989,-1.7414,1
2.9736,8.7944,-3.6359,-1.3754,1
2.5559,3.3605,2.0321,0.26809,1
2.6881,6.0195,-0.46641,-0.69268,1
2.4391,6.4417,-0.80743,-0.69139,1
4.3634,0.46351,1.4281,2.0202,1
2.5581,2.6218,1.8513,0.40257,1
4.0632,3.584,0.72545,0.39481,1
0.44125,2.9487,4.3225,0.7155,1
4.6352,-3.0087,2.6773,1.212,1
0.77445,9.0552,-2.4089,-1.3884,1
3.4663,1.1112,1.7425,1.3388,1
0.3798,0.7098,0.7572,-0.4444,1
0.3798,0.7098,0.7572,-0.4444,1
2.108,6.7955,-0.1708,0.4905,1
1.2616,4.4303,-1.3335,-1.7517,1
2.9233,6.0464,-0.11168,-0.58665,1
0.39559,6.8866,1.0588,-0.67587,1
4.7114,2.0755,-0.2702,1.2379,1
1.8114,7.6067,-0.9788,-2.4668,1
2.2091,7.4556,-1.3284,-3.3021,1
2.6719,3.0646,0.37158,0.58619,1
5.438,9.4669,-4.9417,-3.9202,1
3.7935,7.9853,-2.5477,-1.872,1
3.0672,-4.4117,3.8238,-0.81682,1
4.0446,11.1741,-4.3582,-4.7401,1
5.7227,5.8312,-2.4097,-0.24527,1
2.7206,9.0821,-3.3111,-0.96811,1
3.2351,9.647,-3.2074,-2.5948,1
3.5189,6.332,-1.7791,-0.020273,1
2.1464,6.0795,-0.5778,-2.2302,1
1.0284,9.767,-1.3687,-1.7853,1
1.9157,6.0816,0.23705,-2.0116,1
3.1541,-5.1711,6.5991,0.57455,1
3.2414,0.40971,1.4015,1.1952,1
2.8261,9.4007,-3.3034,-1.0509,1
4.0552,-2.4583,2.2806,1.0323,1
2.9499,2.2493,1.3458,-0.037083,1
3.6244,1.4609,1.3501,1.9284,1
0.9297,-3.7971,4.6429,-0.2957,1
-1.6677,-7.1535,7.8929,0.96765,1
0.3434,0.12415,-0.28733,0.14654,1
-1.8215,2.7521,-0.72261,-2.353,1
-0.47465,-4.3496,1.9901,0.7517,1
1.0552,1.1857,-2.6411,0.11033,1
1.1644,3.8095,-4.9408,-4.0909,1
-2.7338,0.45523,2.4391,0.21766,1
-1.6244,-6.3444,4.6575,0.16981,1
0.50813,0.47799,-1.9804,0.57714,1
-3.2238,2.7935,0.32274,-0.86078,1
-2.0631,-1.5147,1.219,0.44524,1
-0.91318,-2.0113,-0.19565,0.066365,1
0.6005,1.9327,-3.2888,-0.32415,1
-0.28015,3.0729,-3.3857,-2.9155,1
-3.6085,3.3253,-0.51954,-3.5737,1
-2.1333,1.5685,-0.084261,-1.7453,1
-1.2568,-1.4733,2.8718,0.44653,1
-1.5322,-5.0966,6.6779,0.17498,1
-1.979,3.2301,-1.3575,-2.5819,1
-2.234,-7.0314,7.4936,0.61334,1
-0.39416,-0.020702,-0.066267,-0.44699,1
-1.522,-6.6383,5.7491,-0.10691,1
-2.8267,-9.0407,9.0694,-0.98233,1
-1.7263,-6.0237,5.2419,0.29524,1
-0.94255,0.039307,-0.24192,0.31593,1
-0.89569,3.0025,-3.6067,-3.4457,1
-1.3414,-2.0776,2.8093,0.60688,1
-2.9098,-10.0712,8.4156,-1.9948,1
0.83625,1.1071,-2.4706,-0.062945,1
0.60731,3.9544,-4.772,-4.4853,1
-3.1366,0.42212,2.6225,-0.064238,1
-1.8782,-6.5865,4.8486,-0.021566,1
-1.2424,-1.7175,-0.52553,-0.21036,1
0.20216,1.9182,-3.2828,-0.61768,1
0.59823,3.5012,-3.9795,-1.7841,1
-0.77995,3.2322,-3.282,-3.1004,1
-4.4996,3.4288,0.56265,-1.1672,1
-3.3125,0.10139,0.55323,-0.2957,1
-2.799,1.9679,-0.42357,-2.1125,1
-3.2854,4.0372,-0.45356,-1.8228,1
-3.3604,-0.32696,2.1324,0.6017,1
-1.0112,2.9984,-1.1664,-1.6185,1
-2.5701,-6.8452,8.9999,2.1353,1
-1.6637,3.2881,-2.2701,-2.2224,1
-0.55008,2.8659,-1.6488,-2.4319,1
0.21431,-0.69529,0.87711,0.29653,1
-0.63298,-5.1277,4.5624,1.4797,1
-0.81479,-5.7381,4.3919,0.3211,1
-2.9146,4.0537,-0.45699,-4.0327,1
-1.3907,-1.3781,2.3055,-0.021566,1
-1.7322,-9.2828,7.719,-1.7168,1
1.2279,4.0309,-4.6435,-3.9125,1
1.5631,0.89599,-1.9702,0.65472,1
0.4283,-0.94981,-1.0731,0.3211,1
-0.23356,3.2405,-3.0669,-2.7784,1
-3.9172,2.6652,0.78886,-0.7819,1
-2.2214,-0.23798,0.56008,0.05602,1
-0.10234,1.8189,-2.2169,-0.56725,1
-1.8448,1.254,0.27218,-1.0728,1
-1.2786,-2.4087,4.5735,0.47627,1
-1.7279,-6.841,8.9494,0.68058,1
-2.121,-0.05588,1.949,1.353,1
-0.0012852,0.13863,-0.19651,0.0081754,1
-1.682,-6.8121,7.1398,1.3323,1
-2.0891,-0.48422,1.704,1.7435,1
-1.6936,2.7852,-2.1835,-1.9276,1
-1.2846,3.2715,-1.7671,-3.2608,1
-2.2083,-9.1069,8.9991,-0.28406,1
-0.51003,-0.23591,0.020273,0.76334,1
-1.1859,-1.2519,2.2635,0.77239,1
-1.4106,-7.108,5.6454,0.31335,1
-0.21394,-0.68287,0.096532,1.1965,1
0.48797,3.5674,-4.3882,-3.8116,1
-3.0799,0.60836,2.7039,-0.23751,1
-1.239,-6.541,4.8151,-0.033204,1
0.75896,0.29176,-1.6506,0.83834,1
0.63655,5.2022,-5.2159,-6.1211,1
-2.0336,-1.4092,1.1582,0.36507,1
0.75108,1.9161,-3.1098,-0.20518,1
0.84546,3.4826,-3.6307,-1.3961,1
-0.55648,3.2136,-3.3085,-2.7965,1
-3.6817,3.2239,-0.69347,-3.4004,1
-0.8734,1.6533,-2.1964,-0.78061,1
-2.1234,1.1815,-0.55552,-0.81165,1
-2.3142,2.0838,-0.46813,-1.6767,1
-0.036127,1.525,-1.4089,-0.76121,1
-0.17296,-1.1816,1.3818,0.7336,1
-1.9409,-8.6848,9.155,0.94049,1
-2.9915,-6.6258,8.6521,1.8198,1
-2.2677,3.2964,-2.2563,-2.4642,1
-0.50816,2.868,-1.8108,-2.2612,1
0.14329,-1.0885,1.0039,0.48791,1
-0.90784,-7.9026,6.7807,0.34179,1
-0.40804,0.54214,-0.52725,0.6586,1
-1.1022,-5.8395,4.5641,0.68705,1
0.11686,3.735,-4.4379,-4.3741,1
-1.2369,-1.6906,2.518,0.51636,1
0.16358,-3.3584,1.3749,1.3569,1
0.67886,4.1199,-4.569,-4.1414,1
0.27331,4.8773,-4.9194,-5.8198,1
-1.4904,-2.2183,1.6054,0.89394,1
0.88992,2.2638,-3.1046,-0.11855,1
-0.8471,3.1329,-3.0112,-2.9388,1
-2.4198,-0.24418,0.70146,0.41809,1
-0.83535,0.80494,-1.6411,-0.19225,1
-0.30432,2.6528,-2.7756,-0.65647,1
-0.60254,1.7237,-2.1501,-0.77027,1
-2.1059,1.1815,-0.53324,-0.82716,1
-2.3147,3.6668,-0.6969,-1.2474,1
-0.11716,0.60422,-0.38587,-0.059065,1
-2.0066,-6.719,9.0162,0.099985,1
-0.82601,2.9611,-1.2864,-1.4647,1
0.31803,-0.99326,1.0947,0.88619,1
-2.5373,-6.959,8.8054,1.5289,1
-0.41965,2.9094,-1.7859,-2.2069,1
0.37637,-0.82358,0.78543,0.74524,1
-0.55355,-7.9233,6.7156,0.74394,1
-1.6001,-9.5828,9.4044,0.081882,1
-0.27068,3.2674,-3.5562,-3.0888,1
-1.3946,2.3134,-0.44499,-1.4905,1
-0.69879,-3.3771,4.1211,1.5043,1
-1.48,-10.5244,9.9176,-0.5026,1
-0.62684,-6.301,4.7843,1.106,1
0.518,0.25865,-0.84085,0.96118,1
0.64376,3.764,-4.4738,-4.0483,1
-2.9821,4.1986,-0.5898,-3.9642,1
-1.5572,-9.8808,8.1088,-1.0806,1
0.74428,-3.7723,1.6131,1.5754,1
2.0177,1.7982,-2.9581,0.2099,1
1.4378,0.66837,-2.0267,1.0271,1
0.7376,4.8525,-4.7986,-5.6659,1
-1.6706,-2.09,1.584,0.71162,1
1.4501,3.6067,-4.0557,-1.5966,1
-4.1429,2.7749,0.68261,-0.71984,1
-2.6864,-0.097265,0.61663,0.061192,1
-1.0555,0.79459,-1.6968,-0.46768,1
-1.9881,0.99945,-0.28562,-0.70044,1
-1.9389,1.5706,0.045979,-1.122,1
-1.4375,-1.8624,4.026,0.55127,1
-2.0285,3.8468,-0.63435,-1.175,1
0.26637,0.73252,-0.67891,0.03533,1
-1.7589,-6.4624,8.4773,0.31981,1
-2.1802,3.3791,-1.2256,-2.6621,1
-2.0046,-0.49457,1.333,1.6543,1
-1.6386,3.3584,-1.7302,-3.5646,1
-0.41645,0.32487,-0.33617,-0.36036,1
-1.5877,-6.6072,5.8022,0.31593,1
-2.5961,-9.349,9.7942,-0.28018,1
-1.5228,-6.4789,5.7568,0.87325,1
-2.4621,2.7645,-0.62578,-2.8573,1
0.33325,3.3108,-4.5081,-4.012,1
-2.3142,-0.68494,1.9833,-0.44829,1
-1.5951,-6.572,4.7689,-0.94354,1
0.7049,0.17174,-1.7859,0.36119,1
0.6818,4.8504,-5.2133,-6.1043,1
-2.1979,-2.1252,1.7151,0.45171,1
0.74067,1.7299,-3.1963,-0.1457,1
-0.3489,3.1929,-3.4054,-3.1832,1
-3.2051,-0.14279,0.97565,0.045675,1
-3.2778,1.8023,0.1805,-2.3931,1
-0.7351,1.7361,-1.4938,-1.1582,1
-2.2617,-4.7428,6.3489,0.11162,1
-2.4941,3.5447,-1.3721,-2.8483,1
-2.5665,-6.8824,7.5416,0.70774,1
-1.9725,2.8825,-2.3086,-2.3724,1
-2.0149,3.6874,-1.9385,-3.8918,1
-0.82053,0.65181,-0.48869,-0.52716,1
-1.7886,-6.3486,5.6154,0.42584,1
-1.8343,-6.5907,5.6429,0.54998,1
-0.8734,-0.033118,-0.20165,0.55774,1
-0.70346,2.957,-3.5947,-3.1457,1
-1.6641,-1.3678,1.997,0.52283,1
-1.9551,-6.9756,5.5383,-0.12889,1
-0.69078,-0.50077,-0.35417,0.47498,1
-2.62,-6.8555,6.2169,-0.62285,1
0.6005,0.99945,-2.2126,0.097399,1
0.61652,3.8944,-4.7275,-4.3948,1
-3.5798,0.45937,2.3457,-0.45734,1
-2.7769,-5.6967,5.9179,0.37671,1
-1.8356,-6.7562,5.0585,-0.55044,1
0.26877,4.987,-5.1508,-6.3913,1
-2.564,-1.7051,1.5026,0.32757,1
-1.3414,-1.9162,-0.15538,-0.11984,1
0.23874,2.0879,-3.3522,-0.66553,1
-0.77848,3.4019,-3.4859,-3.5569,1
-2.0662,0.16967,-1.0054,-0.82975,1
-0.88728,2.808,-3.1432,-1.2035,1
-1.0941,2.3072,-2.5237,-1.4453,1
-2.4458,1.6285,-0.88541,-1.4802,1
-3.551,1.8955,0.1865,-2.4409,1
-2.2811,-0.85669,2.7185,0.044382,1
-3.9204,4.0723,-0.23678,-2.1151,1
-2.4561,-4.5566,6.4534,-0.056479,1
-3.38,-0.7077,2.5325,0.71808,1
-0.77688,0.13036,-0.031137,-0.35389,1
-2.7083,-6.8266,7.5339,0.59007,1
-2.5084,-0.22763,1.488,1.2069,1
-2.1652,3.0211,-2.4132,-2.4241,1
-1.8974,3.5074,-1.7842,-3.8491,1
-1.005,0.084831,-0.2462,0.45688,1
-2.5463,3.1101,-0.83228,-3.0358,1
-2.3675,-0.43663,1.692,-0.43018,1
0.53936,3.8944,-4.8166,-4.3418,1
-3.3553,0.35591,2.6473,-0.37846,1
-1.9983,-6.6072,4.8254,-0.41984,1
0.15423,0.11794,-1.6823,0.59524,1
0.2952,4.8856,-5.149,-6.2323,1
-2.659,-1.6058,1.3647,0.16464,1
0.11032,1.9741,-3.3668,-0.65259,1
-3.5933,0.22968,0.7126,-0.3332,1
-2.1674,0.12415,-1.0465,-0.86208,1
-0.9607,2.6963,-3.1226,-1.3121,1
-3.7244,1.9037,-0.035421,-2.5095,1
-2.5724,-0.95602,2.7073,-0.16639,1
-2.6406,-4.4159,5.983,-0.13924,1
0.55939,-0.3104,0.18307,0.44653,1
-1.6029,-0.38903,1.62,1.9103,1
-0.49281,3.0605,-1.8356,-2.834,1
0.66365,-0.045533,-0.18794,0.23447,1
-0.72068,-6.7583,5.8408,0.62369,1
-1.9966,-9.5001,9.682,-0.12889,1
-0.97325,-6.4168,5.6026,1.0323,1
-0.025314,-0.17383,-0.11339,1.2198,1
0.062525,2.9301,-3.5467,-2.6737,1
-1.2943,2.6735,-0.84085,-2.0323,1
-0.24037,-1.7837,2.135,1.2418,1
-1.3968,-9.6698,9.4652,-0.34872,1
0.22432,-0.52147,-0.40386,1.2017,1
0.2346,-4.5152,2.1195,1.4448,1
-2.2625,-0.099335,2.8127,0.48662,1
-1.7479,-5.823,5.8699,1.212,1
-0.95923,-6.7128,4.9857,0.32886,1
1.2572,4.8731,-5.2861,-5.8741,1
-2.9786,2.3445,0.52667,-0.40173,1
-1.5851,-2.1562,1.7082,0.9017,1
1.3183,1.9017,-3.3111,0.065071,1
-1.0116,-0.19038,-0.90597,0.003003,1
-1.5732,1.0636,-0.71232,-0.8388,1
-1.1667,-1.4237,2.9241,0.66119,1
-2.41,3.7433,-0.40215,-1.2953,1
0.40614,1.3492,-1.4501,-0.55949,1
-1.3887,-4.8773,6.4774,0.34179,1
-2.5419,-0.65804,2.6842,1.1952,1
